name: etl
channels:
  - conda-forge
dependencies:
  - _python_abi3_support=1.0=hd8ed1ab_2
  - asttokens=3.0.1=pyhd8ed1ab_0
  - bzip2=1.0.8=h0ad9c76_9
  - ca-certificates=2026.2.25=h4c7d964_0
  - colorama=0.4.6=pyhd8ed1ab_1
  - comm=0.2.3=pyhe01879c_0
  - cpython=3.14.3=py314hd8ed1ab_101
  - debugpy=1.8.20=py314hb98de8c_0
  - decorator=5.2.1=pyhd8ed1ab_0
  - executing=2.2.1=pyhd8ed1ab_0
  - ipykernel=7.2.0=pyh6dadd2b_1
  - ipython=9.10.0=pyhe2676ad_0
  - ipython_pygments_lexers=1.1.1=pyhd8ed1ab_0
  - jedi=0.19.2=pyhd8ed1ab_1
  - jupyter_client=8.8.0=pyhcf101f3_0
  - jupyter_core=5.9.1=pyh6dadd2b_0
  - krb5=1.21.3=hdf4eb48_0
  - libexpat=2.7.4=hac47afa_0
  - libffi=3.5.2=h3d046cb_0
  - liblzma=5.8.2=hfd05255_0
  - libmpdec=4.0.0=hfd05255_1
  - libsodium=1.0.20=hc70643c_0
  - libsqlite=3.51.2=hf5d6505_0
  - libzlib=1.3.1=h2466b09_2
  - matplotlib-inline=0.2.1=pyhd8ed1ab_0
  - nest-asyncio=1.6.0=pyhd8ed1ab_1
  - openssl=3.6.1=hf411b9b_1
  - packaging=26.0=pyhcf101f3_0
  - parso=0.8.6=pyhcf101f3_0
  - pip=26.0.1=pyh145f28c_0
  - platformdirs=4.9.2=pyhcf101f3_0
  - prompt-toolkit=3.0.52=pyha770c72_0
  - psutil=7.2.2=py314hc5dbbe4_0
  - pure_eval=0.2.3=pyhd8ed1ab_1
  - pygments=2.19.2=pyhd8ed1ab_0
  - python=3.14.3=h4b44e0e_101_cp314
  - python-dateutil=2.9.0.post0=pyhe01879c_2
  - python-gil=3.14.3=h4df99d1_101
  - python_abi=3.14=8_cp314
  - pywin32=311=py314h8f8f202_1
  - pyzmq=27.1.0=py312h343a6d4_2
  - six=1.17.0=pyhe01879c_1
  - stack_data=0.6.3=pyhd8ed1ab_1
  - tk=8.6.13=h6ed50ae_3
  - tornado=6.5.4=py314h5a2d7ad_0
  - traitlets=5.14.3=pyhd8ed1ab_1
  - typing_extensions=4.15.0=pyhcf101f3_0
  - ucrt=10.0.26100.0=h57928b3_0
  - vc=14.3=h41ae7f8_34
  - vc14_runtime=14.44.35208=h818238b_34
  - vcomp14=14.44.35208=h818238b_34
  - wcwidth=0.6.0=pyhd8ed1ab_0
  - zeromq=4.3.5=h5bddc39_9
  - zstd=1.5.7=h534d264_6
  - pip:
      - contourpy==1.3.3
      - cycler==0.12.1
      - et-xmlfile==2.0.0
      - fonttools==4.62.1
      - kiwisolver==1.5.0
      - matplotlib==3.10.8
      - numpy==2.4.2
      - openpyxl==3.1.5
      - pandas==3.0.1
      - pillow==12.1.1
      - pyparsing==3.3.2
      - seaborn==0.13.2
      - tzdata==2025.3
prefix: C:\Users\JCastano\AppData\Local\miniforge3\envs\etl
